30
10 7 5 9 4 5 1 0 1
10 7 5 9 4 5 5 5 0
5 10 5 3 5 5 5 8 3
5 5 5 0 1 2 0 3 5
10 10 10 0 0 0 0 5 10
10 10 10 0 0 0 10 10 10
10 10 10 5 0 5 10 10 10
10 10 10 1 0 1 2 10 10
5 3 12 0 0 0 5 0 0
1000 6 6 500 0 3 500 6 3
6 6 1000 6 3 500 0 3 500
15 10 7 0 2 7 0 8 1
532 876 111 0 875 100 3 876 90
1000 1000 1000 0 1000 0 1000 0 1000
1000 1 1 0 0 0 1000 1 1
1 1 1 0 0 0 1 0 1
5 5 5 0 0 0 0 0 0
948 948 948 711 948 237 711 237 948
4 13 4 0 1 2 3 1 4
20 30 8 0 2 4 20 3 4
6 8 4 0 7 2 6 6 1
18 81 13 1 81 4 10 0 3
386 353 492 0 29 484 386 49 384
20 500 500 1 20 500 19 20 0
853 218 37 853 105 2 0 202 26
228 488 780 201 102 780 3 37 0
847 574 260 235 574 216 819 304 0
730 26 409 637 1 0 730 18 223
30 979 336 17 0 180 13 447 336
299 828 786 15 828 150 106 0 205
